batch_idx,batch_size,ms_predict_whole_seq
0,500,50180.44633200043
